995
611
61
502
742
714
743
551
602
392
720
283
816
947
844
331
117
298
75
30
416
637
315
119
265
88
871
165
805
643
702
207
686
705
334
274
799
731
6
304
862
25
259
183
98
308
794
379
667
387
549
553
1000
655
57
945
916
269
731
774
954
680
242
830
720
873
768
225
640
36
307
704
88
256
824
179
467
290
623
182
745
551
889
25
721
516
814
371
927
499
3
346
513
845
472
634
123
534
576
776
162
649
41
201
334
169
228
692
336
290
918
448
819
74
885
563
231
311
599
513
232
173
339
421
277
444
603
871
541
28
761
146
348
950
358
512
986
841
737
61
101
38
557
301
285
528
524
323
717
819
327
455
825
448
191
562
947
986
846
281
944
112
511
444
895
503
716
330
858
196
206
187
429
867
422
81
779
542
546
212
719
366
732
793
80
599
364
326
438
171
214
21
890
93
14
762
914
928
552
386
995
611
61
502
742
714
743
551
602
392
720
283
816
947
844
331
117
298
75
30
416
637
315
119
265
88
871
165
805
643
702
207
686
705
334
274
799
731
6
304
862
25
259
183
98
308
794
379
667
387
549
553
1000
655
57
945
916
269
731
774
954
680
242
830
720
873
768
225
640
36
307
704
88
256
824
179
467
290
623
182
745
551
889
25
721
516
814
371
927
499
3
346
513
845
472
634
123
534
576
776
162
649
41
201
334
169
228
692
336
290
918
448
819
74
885
563
231
311
599
513
232
173
339
421
277
444
603
871
541
28
761
146
348
950
358
512
986
841
737
61
101
38
557
301
285
528
524
323
717
819
327
455
825
448
191
562
947
986
846
281
944
112
511
444
895
503
716
330
858
196
206
187
429
867
422
81
779
542
546
212
719
366
732
793
80
599
364
326
438
171
214
21
890
93
14
762
914
928
552
386
===========================================
