230
649
238
267
840
961
69
5
571
816
335
325
503
243
584
463
902
647
10
354
249
413
795
207
585
60
136
1000
15
881
451
302
4
348
863
703
580
866
84
618
565
331
758
280
543
384
504
897
219
99
174
96
285
794
64
580
974
705
634
388
762
683
968
535
225
13
431
949
49
855
919
925
504
720
972
267
175
892
220
965
146
629
307
979
987
316
793
994
495
562
350
915
41
407
780
444
202
534
442
274
===========================================
===========================================
714
219
593
537
831
578
902
691
180
886
8
632
430
378
900
144
48
751
549
866
454
155
223
688
158
266
58
442
362
52
707
939
114
883
270
131
271
510
136
970
778
831
801
310
443
918
63
178
38
632
557
307
39
728
282
471
350
863
558
596
726
947
232
203
967
314
42
855
803
801
438
254
526
85
650
186
670
853
894
188
930
946
710
951
639
868
507
500
181
211
492
263
529
751
355
669
92
116
10
825
===========================================
0
0
0
0
0
0
0
0
0
0
0
0
0
0
0
0
0
0
0
0
0
0
0
0
0
0
0
0
0
0
0
0
0
0
0
0
0
0
0
0
0
0
0
0
0
0
0
0
0
0
0
0
0
0
0
0
0
0
0
0
0
0
0
0
0
0
0
0
0
0
0
0
0
0
0
0
0
0
0
0
0
0
0
0
0
0
0
0
0
0
0
0
0
0
0
0
0
0
0
0
